breaks_diff_SWE      <- c( -50000, -49998, -0.99, -0.51, -0.251,
                            -0.11, 0.09, 0.249, 0.49, 0.99, 1.0e6)

colors_diff_SWE      <- c("#787878", "#bf8f60", "#cf004b",
                           "#f67100", "#ffd817", "#e6e6e6",
                           "#17d8ff", "#0071f6", "#4b00f6",
                           "#bf60bf")

labels_diff_SWE      <- c('NA', '< -0.5', '-0.5', '-0.25', '-0.1',
                           '-0.01', '0.01', '0.1',
                           '0.25', '0.5', '> 0.5')

labels_percent_SWE <- c('NA', '0', '10', '25', '50', '75', '150',
                            '250', '500', '750', '> 750')

breaks_percent_SWE <-c(-50000, -0.1, 9.9999, 24.99999, 49.9999,
                           74.99999, 149.99999, 249.9999, 499.9999,
                           749.9, 1.0e5)


colors_percent_SWE <-c("#969696", "#bf8f60", "#cf004b",
                          "#f67100", "#ffd817", "#e6e6e6",
                          "#17D8FF", "#0017f6","#4b00f6",
                          "#bf60bf")


breaks_SWE            <- c(0.0, 0.99, 1.99, 4.99, 9.99, 24.99, 49.99, 99.99,
                           149.99, 249.99, 499.99, 749.99, 999.99, 1999.99)

labels_SWE            <- c('0', '1', '2', '5', '10', '25', '50', '100', '150',
                           '250', '500', '750', '1000', '>1000')

colors_SWE            <- c("#ffffff", "#C9f9ff", "#a3d6f5", "#7a9de5", "#5359cf",
                           "#4e30b6", "#561499", "#9524b6", "#cf45c7", "#ef6ac7",
                           "#f593b9", "#ffbbc2", "#ffe2dd")

breaks_SD             <- c(0.0, 0.99, 1.99, 4.99, 9.99, 24.99, 49.99, 99.99,
                           149.99, 249.99, 499.99, 749.99, 999.99, 1999.99)

labels_SD             <- c('0', '1', '2', '5', '10', '25', '50', '100', '150',
                           '250', '500', '750', '1000', '>1000')

colors_SD             <- c("#ffffff", "#C9f9ff", "#a3d6f5", "#7a9de5", "#5359cf",
                           "#4e30b6", "#561499", "#9524b6", "#cf45c7", "#ef6ac7",
                           "#f593b9", "#ffbbc2", "#ffe2dd")

breaks_diff_SD        <- c(-50000, -49998, -24.0, -12.0, -6.0, -1.0, 1.0, 2.0, 6.0, 12.0, 1.0e6)

labels_diff_SD        <- c('NA', '< -24', '-24', '-12', '-6', '-1', '1', '6', '12', '24', '> 24')

colors_diff_SD        <- c("#787878", "#bf8f60", "#cf004b",
                           "#f67100", "#ffd817", "#e6e6e6",
                           "#17d8ff", "#0071f6", "#4b00f6",
                           "#bf60bf")

